10,118
10,210
10,254
10,70
10,166
10,252
10,66
10,16
10,2
10,3
11,12
11,19
11,22
11,27
11,8
11,17
11,2
11,3
9,7
9,4
9,1
9,6
9,2
9,3
8,9
8,16
8,17
8,7
68,3
68,2
68,1
68,0
62,4
62,3
62,2
62,1
62,0
58,4
58,3
58,2
58,1
58,0
57,4
57,3
57,2
57,1
57,0
55,5
55,4
55,3
55,2
55,1
55,0
52,5
52,4
52,3
52,2
52,1
52,0
50,5
50,4
50,3
50,2
50,1
48,3
48,1
46,4
46,3
46,1
41,3
41,1
38,3
38,1
20,3
20,2
20,1
19,3
19,2
19,1
18,1
12,3
18,3
12,2
12,1
11,30
11,28
11,26
11,18
11,16
14,1
11,15
14,3
11,14
11,11
13,1
11,1
13,3
11,6
10,305
10,233
10,229
10,227
10,179
10,161
10,75
